0		0	        0
1		738.8813421	0
2		1396.721415	0
3		2394.462563	0
4		3723.029047	0
5		5311.46042	0
6		7005.915046	0
7		7791.256905	0.007526545
8		7660.701126	0.023907686
9		7507.108152	0.043179251
10		7326.415181	0.065851241
11		7113.838196	0.092523687
12		6863.753498	0.123902403
13		6569.541246	0.160817847
14		6223.415583	0.204246998
15		5816.216394	0.255339086
16		5337.167904	0.315446287
17		4773.592576	0.386159301
18		4110.575467	0.469349504
19		3330.570087	0.567218482
20		2496.843971	0.671827853
21		1709.591039	0.77060616
22		1021.470968	0.856946051
23		480.3175107	0.924845695
24		126.068003	0.969294131
25		0	        0.992556095
