   288
   144
   42
  -1.7937498e+02
  -1.7812500e+02
  -1.7687500e+02
  -1.7562500e+02
  -1.7437500e+02
  -1.7312500e+02
  -1.7187500e+02
  -1.7062500e+02
  -1.6937500e+02
  -1.6812500e+02
  -1.6687500e+02
  -1.6562498e+02
  -1.6437500e+02
  -1.6312498e+02
  -1.6187500e+02
  -1.6062498e+02
  -1.5937500e+02
  -1.5812498e+02
  -1.5687500e+02
  -1.5562498e+02
  -1.5437500e+02
  -1.5312498e+02
  -1.5187500e+02
  -1.5062498e+02
  -1.4937500e+02
  -1.4812500e+02
  -1.4687500e+02
  -1.4562500e+02
  -1.4437500e+02
  -1.4312500e+02
  -1.4187500e+02
  -1.4062500e+02
  -1.3937498e+02
  -1.3812500e+02
  -1.3687498e+02
  -1.3562500e+02
  -1.3437498e+02
  -1.3312500e+02
  -1.3187498e+02
  -1.3062500e+02
  -1.2937498e+02
  -1.2812500e+02
  -1.2687499e+02
  -1.2562500e+02
  -1.2437499e+02
  -1.2312500e+02
  -1.2187499e+02
  -1.2062500e+02
  -1.1937499e+02
  -1.1812500e+02
  -1.1687499e+02
  -1.1562500e+02
  -1.1437499e+02
  -1.1312499e+02
  -1.1187499e+02
  -1.1062499e+02
  -1.0937499e+02
  -1.0812500e+02
  -1.0687500e+02
  -1.0562500e+02
  -1.0437500e+02
  -1.0312500e+02
  -1.0187500e+02
  -1.0062500e+02
  -9.9374992e+01
  -9.8124992e+01
  -9.6874992e+01
  -9.5624992e+01
  -9.4374992e+01
  -9.3124992e+01
  -9.1874992e+01
  -9.0624992e+01
  -8.9374992e+01
  -8.8124992e+01
  -8.6874992e+01
  -8.5624992e+01
  -8.4374992e+01
  -8.3124992e+01
  -8.1875000e+01
  -8.0625000e+01
  -7.9375000e+01
  -7.8125000e+01
  -7.6875000e+01
  -7.5625000e+01
  -7.4375000e+01
  -7.3124992e+01
  -7.1874992e+01
  -7.0624992e+01
  -6.9374992e+01
  -6.8124992e+01
  -6.6874992e+01
  -6.5624992e+01
  -6.4374992e+01
  -6.3124992e+01
  -6.1874996e+01
  -6.0624996e+01
  -5.9374996e+01
  -5.8124996e+01
  -5.6874996e+01
  -5.5624996e+01
  -5.4374996e+01
  -5.3124992e+01
  -5.1874992e+01
  -5.0624992e+01
  -4.9374992e+01
  -4.8124996e+01
  -4.6874996e+01
  -4.5624996e+01
  -4.4374996e+01
  -4.3124996e+01
  -4.1874996e+01
  -4.0624996e+01
  -3.9374992e+01
  -3.8124992e+01
  -3.6874992e+01
  -3.5624996e+01
  -3.4374996e+01
  -3.3124996e+01
  -3.1874996e+01
  -3.0624996e+01
  -2.9374996e+01
  -2.8124994e+01
  -2.6874994e+01
  -2.5624994e+01
  -2.4374996e+01
  -2.3124994e+01
  -2.1874994e+01
  -2.0624994e+01
  -1.9374994e+01
  -1.8124996e+01
  -1.6874996e+01
  -1.5624994e+01
  -1.4374994e+01
  -1.3124995e+01
  -1.1874995e+01
  -1.0624994e+01
  -9.3749952e+00
  -8.1249943e+00
  -6.8749948e+00
  -5.6249948e+00
  -4.3749952e+00
  -3.1249950e+00
  -1.8749949e+00
  -6.2499487e-01
   6.2500513e-01
   1.8750051e+00
   3.1250052e+00
   4.3750052e+00
   5.6250048e+00
   6.8750052e+00
   8.1250048e+00
   9.3750057e+00
   1.0625005e+01
   1.1875006e+01
   1.3125005e+01
   1.4375005e+01
   1.5625005e+01
   1.6875006e+01
   1.8125006e+01
   1.9375006e+01
   2.0625006e+01
   2.1875004e+01
   2.3125004e+01
   2.4375006e+01
   2.5625006e+01
   2.6875006e+01
   2.8125006e+01
   2.9375006e+01
   3.0625006e+01
   3.1875006e+01
   3.3125004e+01
   3.4375004e+01
   3.5625004e+01
   3.6875004e+01
   3.8125004e+01
   3.9375004e+01
   4.0625008e+01
   4.1875008e+01
   4.3125008e+01
   4.4375008e+01
   4.5625004e+01
   4.6875004e+01
   4.8125004e+01
   4.9375004e+01
   5.0625004e+01
   5.1875004e+01
   5.3125004e+01
   5.4375008e+01
   5.5625008e+01
   5.6875008e+01
   5.8125004e+01
   5.9375004e+01
   6.0625008e+01
   6.1875008e+01
   6.3125008e+01
   6.4375008e+01
   6.5625008e+01
   6.6875008e+01
   6.8125008e+01
   6.9375008e+01
   7.0625008e+01
   7.1875008e+01
   7.3125008e+01
   7.4375008e+01
   7.5625008e+01
   7.6875008e+01
   7.8125008e+01
   7.9375000e+01
   8.0625000e+01
   8.1875000e+01
   8.3125000e+01
   8.4375000e+01
   8.5625000e+01
   8.6875008e+01
   8.8125008e+01
   8.9375008e+01
   9.0625008e+01
   9.1875008e+01
   9.3125008e+01
   9.4375008e+01
   9.5625008e+01
   9.6875008e+01
   9.8125008e+01
   9.9375008e+01
   1.0062501e+02
   1.0187501e+02
   1.0312501e+02
   1.0437501e+02
   1.0562501e+02
   1.0687500e+02
   1.0812500e+02
   1.0937500e+02
   1.1062500e+02
   1.1187500e+02
   1.1312500e+02
   1.1437501e+02
   1.1562500e+02
   1.1687501e+02
   1.1812500e+02
   1.1937501e+02
   1.2062500e+02
   1.2187501e+02
   1.2312500e+02
   1.2437501e+02
   1.2562500e+02
   1.2687501e+02
   1.2812502e+02
   1.2937500e+02
   1.3062502e+02
   1.3187500e+02
   1.3312502e+02
   1.3437500e+02
   1.3562502e+02
   1.3687500e+02
   1.3812502e+02
   1.3937500e+02
   1.4062502e+02
   1.4187500e+02
   1.4312502e+02
   1.4437500e+02
   1.4562500e+02
   1.4687500e+02
   1.4812500e+02
   1.4937500e+02
   1.5062500e+02
   1.5187500e+02
   1.5312500e+02
   1.5437502e+02
   1.5562500e+02
   1.5687502e+02
   1.5812500e+02
   1.5937502e+02
   1.6062500e+02
   1.6187502e+02
   1.6312500e+02
   1.6437502e+02
   1.6562500e+02
   1.6687502e+02
   1.6812500e+02
   1.6937502e+02
   1.7062500e+02
   1.7187500e+02
   1.7312500e+02
   1.7437500e+02
   1.7562500e+02
   1.7687500e+02
   1.7812500e+02
   1.7937500e+02
  -8.9374992e+01  -8.8124992e+01  -8.6874992e+01  -8.5624992e+01  -8.4374992e+01  -8.3124992e+01  -8.1875000e+01  -8.0625000e+01  -7.9375000e+01  -7.8125000e+01  -7.6875000e+01  -7.5625000e+01  -7.4375000e+01  -7.3125000e+01  -7.1875000e+01  -7.0625000e+01  -6.9375000e+01  -6.8125000e+01  -6.6875000e+01  -6.5625000e+01  -6.4375000e+01  -6.3124992e+01  -6.1874996e+01  -6.0624996e+01  -5.9374996e+01  -5.8124996e+01  -5.6875000e+01  -5.5624996e+01  -5.4374996e+01  -5.3124996e+01  -5.1874996e+01  -5.0624996e+01  -4.9374996e+01  -4.8124996e+01  -4.6875000e+01  -4.5625000e+01  -4.4375000e+01  -4.3124996e+01  -4.1874996e+01  -4.0624996e+01  -3.9374996e+01  -3.8124996e+01  -3.6874996e+01  -3.5624996e+01  -3.4374996e+01  -3.3125000e+01  -3.1874998e+01  -3.0624998e+01  -2.9374996e+01  -2.8124998e+01  -2.6874998e+01  -2.5624996e+01  -2.4374998e+01  -2.3124998e+01  -2.1874998e+01  -2.0624998e+01  -1.9374996e+01  -1.8124996e+01  -1.6874998e+01  -1.5624998e+01  -1.4374998e+01  -1.3124997e+01  -1.1874998e+01  -1.0624997e+01  -9.3749971e+00  -8.1249971e+00  -6.8749976e+00  -5.6249971e+00  -4.3749976e+00  -3.1249974e+00  -1.8749974e+00  -6.2499744e-01   6.2500256e-01   1.8750025e+00   3.1250026e+00   4.3750029e+00   5.6250024e+00   6.8750024e+00   8.1250019e+00   9.3750029e+00   1.0625003e+01   1.1875003e+01   1.3125003e+01   1.4375003e+01   1.5625003e+01   1.6875002e+01   1.8125002e+01   1.9375002e+01   2.0625004e+01   2.1875004e+01   2.3125002e+01   2.4375002e+01   2.5625002e+01   2.6875004e+01   2.8125004e+01   2.9375002e+01   3.0625002e+01   3.1875002e+01   3.3125000e+01   3.4375000e+01   3.5625000e+01   3.6875004e+01   3.8125004e+01   3.9375004e+01   4.0625004e+01   4.1875004e+01   4.3125004e+01   4.4375004e+01   4.5625004e+01   4.6875000e+01   4.8125000e+01   4.9375000e+01   5.0625004e+01   5.1875004e+01   5.3125004e+01   5.4375004e+01   5.5625004e+01   5.6875004e+01   5.8125004e+01   5.9375004e+01   6.0625000e+01   6.1875000e+01   6.3125000e+01   6.4375000e+01   6.5625000e+01   6.6875000e+01   6.8125000e+01   6.9375000e+01   7.0625008e+01   7.1875008e+01   7.3125008e+01   7.4375008e+01   7.5625008e+01   7.6875008e+01   7.8125008e+01   7.9375000e+01   8.0625000e+01   8.1875000e+01   8.3125000e+01   8.4375000e+01   8.5625000e+01   8.6875000e+01   8.8125000e+01   8.9375000e+01
   1.0000000e+03
   9.7500000e+02
   9.5000000e+02
   9.2500000e+02
   9.0000000e+02
   8.7500000e+02
   8.5000000e+02
   8.2500000e+02
   8.0000000e+02
   7.7500000e+02
   7.5000000e+02
   7.2500000e+02
   7.0000000e+02
   6.5000000e+02
   6.0000000e+02
   5.5000000e+02
   5.0000000e+02
   4.5000000e+02
   4.0000000e+02
   3.5000000e+02
   3.0000000e+02
   2.5000000e+02
   2.0000000e+02
   1.5000000e+02
   1.0000000e+02
   7.0000000e+01
   5.0000000e+01
   4.0000000e+01
   3.0000000e+01
   2.0000000e+01
   1.0000000e+01
   7.0000000e+00
   5.0000000e+00
   4.0000000e+00
   3.0000000e+00
   2.0000000e+00
   1.0000000e+00
   6.9999999e-01
   5.0000000e-01
   4.0000001e-01
   3.0000001e-01
   1.0000000e-01
